0.996285 -0.0861184
0.593623 0.804744
0.699926 -0.714215
-0.722279 -0.691602
-0.998126 -0.0611947
0.188289 0.982114
-0.136768 0.990603
0.968891 -0.247489
-0.519381 0.854543
0.542633 0.83997
0.206144 0.978522
-0.981716 -0.190352
-0.165594 0.986194
0.999924 -0.0123541
-0.553299 0.832983
0.586931 -0.809637
0.647817 -0.761796
-0.998836 0.0482356
0.553219 0.833036
-0.385449 -0.922729
0.633119 0.774055
0.838457 -0.544968
0.0444718 -0.999011
0.41897 0.908
-0.0858175 -0.996311
-0.862772 -0.505594
-0.616194 0.787595
0.834735 0.550652
-0.541613 0.840628
-0.231469 -0.972842
-0.499258 -0.866454
-0.980769 0.195173
0.205244 0.978711
-0.992825 0.119576
-0.926438 -0.376446
0.992079 0.125612
0.710746 0.703449
-0.851537 0.524295
-0.424281 0.905531
-0.999916 -0.0129418
0.957102 -0.28975
-0.613186 0.789939
0.650132 0.759821
-0.755279 0.655403
-0.906391 -0.42244
0.553103 0.833113
0.988334 -0.152303
-0.83051 0.557003
-0.999776 -0.0211543
-0.138575 0.990352
-0.494562 -0.869142
0.40361 -0.914931
0.977012 0.213183
0.423459 0.905915
-0.962232 0.27223
0.963748 0.266815
0.557651 0.830075
0.416157 -0.909293
-0.988698 0.149921
-0.307664 -0.951495
0.483391 0.875404
-0.197045 -0.980394
0.794976 -0.606641
-0.153744 -0.988111
-0.699935 0.714207
0.333206 -0.942854
-0.727647 0.685952
-0.977246 0.212111
0.629239 -0.777212
-0.509328 0.860572
-0.607626 -0.794224
0.920024 -0.391863
-0.865622 -0.500698
-0.94018 0.340677
-0.490812 -0.871265
0.766301 0.642481
0.438287 0.898835
-0.973061 -0.230548
0.583956 -0.811785
-0.45846 0.888715
-0.935161 0.354224
0.662232 -0.749299
0.489814 -0.871827
0.847293 -0.531126
0.0873552 -0.996177
0.852514 -0.522704
0.87537 -0.483454
-0.521542 0.853226
0.903287 0.429037
0.962105 0.272678
0.556012 0.831174
-0.75704 0.653368
-0.652338 -0.757929
0.253288 -0.967391
-0.939391 -0.342848
-0.700768 -0.713389
0.35683 0.934169
0.557315 -0.830301
-0.89287 0.450314
0.813903 -0.581001
-0.996447 -0.0842219
0.341994 -0.939702
-0.121452 0.992597
-0.981287 -0.192549
-0.812621 -0.582793
0.918083 -0.396389
0.186308 0.982491
-0.423637 -0.905832
-0.314166 0.949368
-0.93704 0.349223
0.954125 0.299407
-0.317433 -0.948281
-0.919443 -0.393224
0.569599 0.821923
0.920311 -0.391188
0.697017 -0.717054
0.327052 -0.945006
-0.563496 -0.826119
-0.325076 -0.945688
0.674923 -0.737888
-0.97071 0.240256
0.036125 0.999347
-0.522849 -0.852426
-0.930188 0.367084
-0.00210123 -0.999998
-0.269981 -0.962866
-0.980533 -0.196353
0.404116 0.914708
-0.994173 0.107797
0.214361 0.976755
0.983132 0.1829
0.965506 0.26038
0.787386 -0.61646
-0.726378 0.687295
0.490167 -0.871629
0.987233 0.159285
-0.0763073 -0.997084
0.984098 -0.177624
0.803431 -0.595398
0.999605 0.0281162
0.120756 0.992682
0.13509 0.990833
0.426004 0.904721
-0.00431804 -0.999991
-0.753599 -0.657335
-0.0196662 -0.999807
0.99452 0.104546
0.999493 0.0318536
-0.304964 0.952364
0.234067 -0.972221
-0.489767 -0.871853
-0.397171 -0.917745
0.95589 -0.293725
-0.258603 -0.965984
0.404096 -0.914716
0.0077918 -0.99997
0.882698 0.46994
-0.768877 0.639396
0.663134 0.748501
-0.969117 0.2466
-0.886549 -0.462636
-0.526821 0.849976
0.441188 0.897415
0.486237 0.873827
0.999394 -0.0348101
-0.0703405 0.997523
0.74016 0.672431
0.9501 0.311944
0.540301 -0.841472
0.934174 0.356818
0.996119 0.0880185
0.375261 -0.926919
0.692238 -0.72167
-0.595128 -0.803631
0.817813 -0.575485
0.928542 0.371227
-0.9495 0.313767
0.0769639 0.997034
-0.73674 -0.676176
-0.0983392 0.995153
0.99129 -0.131701
-0.0507976 -0.998709
-0.798848 0.601533
-0.981831 -0.189757
-0.945536 0.325517
-0.771368 0.636389
0.104987 0.994474
-0.992813 -0.119675
0.9094 -0.415922
-0.999498 -0.0316911
-0.142783 0.989754
-0.961936 -0.273273
0.910957 -0.4125
0.652315 0.757948
-0.855029 0.518579
-0.874538 0.484957
0.532223 0.846604
0.944105 0.329644
-0.98085 0.194766
0.287811 0.957687
-0.120898 0.992665
0.101245 -0.994861
0.939314 -0.343058
-0.656805 0.754061
-0.281651 0.959517
0.976003 0.217759
0.579828 0.814739
0.999992 0.00389945
-0.14117 0.989985
0.903371 -0.42886
0.661223 -0.75019
-0.977778 -0.209643
0.866636 -0.49894
-0.0588559 -0.998266
-0.00137845 -0.999999
0.593153 -0.805089
0.809836 -0.586656
-0.638173 -0.769893
0.990106 0.140318
-0.164036 -0.986454
0.967078 0.254481
-0.539101 -0.842241
0.80364 -0.595116
-0.524286 -0.851542
-0.304274 -0.952585
0.0282987 -0.9996
-0.485345 -0.874323
-0.372281 -0.92812
-0.945379 -0.325972
0.168699 -0.985668
-0.170433 -0.985369
0.303214 -0.952923
0.607588 -0.794253
-0.107016 -0.994257
-0.774429 -0.632661
-0.902121 0.431482
-0.955635 0.294554
0.293686 -0.955902
-0.288989 0.957332
0.442706 -0.896667
-0.681703 -0.731629
-0.896976 0.44208
-0.999023 -0.0441869
0.993374 -0.114927
-0.685719 0.727866
0.928075 -0.372395
0.646033 0.763309
-0.0423127 0.999104
0.0576755 -0.998335
-0.557436 0.83022
0.966967 -0.254903
0.466026 0.884771
-0.18138 0.983413
-0.136076 0.990698
-0.120318 -0.992735
-0.980642 0.19581
0.309513 0.950895
0.940861 0.338793
-0.618999 -0.785392
0.0670934 0.997747
0.291797 0.95648
-0.999323 0.0367894
0.950196 0.311654
-0.998867 -0.0475905
-0.693633 0.720329
-0.995287 -0.0969702
0.996082 0.0884314
0.739677 -0.672962
0.810559 0.585657
-0.795469 -0.605994
0.999992 -0.00408954
-0.933018 0.359829
0.893201 -0.449658
0.187931 -0.982182
0.396589 -0.917996
-0.740097 -0.6725
0.17272 0.984971
-0.962756 -0.270372
0.81842 0.57462
-0.929079 -0.36988
0.942027 -0.335538
-0.558339 -0.829613
0.076173 -0.997095
-0.495828 -0.86842
-0.474456 0.880279
-0.043619 0.999048
0.893722 -0.448621
0.661535 0.749914
-0.274867 -0.961482
0.989752 -0.142797
0.937002 0.349323
-0.967716 0.252044
-0.999502 0.0315711
0.627618 -0.778522
-0.789409 0.613867
-0.983079 -0.183182
-0.926426 -0.376476
0.919795 -0.392399
-0.118442 -0.992961
-0.996621 0.0821378
-0.879879 -0.475197
-0.997018 0.0771685
0.97172 0.236135
0.917631 0.397433
0.336419 0.941713
0.29748 0.954728
-0.502894 -0.864348
-0.403771 -0.91486
-0.266035 -0.963963
0.211414 -0.977397
-0.414643 0.909984
-0.85624 -0.516578
0.0198765 0.999802
0.161293 -0.986907
0.527607 -0.849489
0.842185 -0.539189
0.863814 0.503811
-0.634263 -0.773117
0.0395515 -0.999218
-0.145148 0.98941
-0.210212 -0.977656
0.986494 -0.163799
-0.947156 0.320774
0.98821 0.153103
0.954816 0.297196
-0.321844 -0.946793
-0.465605 -0.884993
0.137726 -0.99047
0.331016 0.943625
0.334474 -0.942405
0.938627 -0.344935
-0.982266 -0.187493
-0.931745 -0.363113
0.258271 -0.966073
0.489069 -0.872245
-0.371764 0.928327
-0.535455 0.844564
0.998611 -0.0526865
0.271937 0.962315
-0.346161 0.938175
-0.997269 -0.0738498
-0.0581675 0.998307
0.998325 -0.0578494
-0.227119 -0.973867
0.72539 -0.688338
0.141422 -0.989949
0.826366 0.563133
-0.63198 0.774985
-0.999981 0.00619501
0.659881 -0.75137
-0.801329 -0.598224
0.976672 -0.214738
0.723542 0.69028
0.119161 0.992875
-0.79426 0.607579
0.915558 0.402187
-0.806031 -0.591873
0.595601 0.80328
-0.969394 0.245512
0.062384 -0.998052
0.0841069 0.996457
-0.941505 0.336998
0.786833 0.617166
-0.99998 0.0063026
0.995456 -0.0952201
-0.641176 0.767394
0.999149 0.0412401
-0.930277 0.366858
0.963733 0.266867
-0.795261 -0.606267
0.000514523 -1
0.582588 -0.812768
-0.0651469 -0.997876
0.913548 0.406731
0.999982 -0.00600007
-0.844094 0.536195
-0.791736 -0.610864
0.886168 0.463365
0.551583 0.83412
-0.397256 -0.917708
0.849818 0.527077
-0.597035 -0.802215
0.600736 -0.799447
-0.992702 0.120593
-0.493989 -0.869468
-0.720951 -0.692986
-0.265619 0.964078
-0.95247 -0.304631
0.853082 0.521777
-0.348878 -0.937168
-0.386369 0.922344
-0.949071 0.315061
0.981992 -0.188923
-0.980313 0.197448
0.379154 -0.925334
0.925361 -0.379087
0.0907155 0.995877
0.894098 0.447871
-0.907858 0.419278
0.968965 -0.247198
0.655505 0.755191
0.850757 -0.52556
0.85642 0.516281
0.82316 0.56781
-0.122767 0.992435
-0.220158 0.975464
0.48252 0.875885
0.977094 -0.212809
-0.621457 0.783448
-0.999477 0.0323315
0.918064 -0.396432
-0.968434 0.249271
-0.856637 -0.51592
-0.653911 -0.756572
0.129553 0.991572
-0.089589 0.995979
-0.1321 -0.991236
0.705329 0.70888
-0.248746 -0.968569
0.754076 0.656787
0.550636 0.834746
0.762682 0.646774
-0.250188 -0.968197
0.999819 0.0190379
-0.57366 -0.819094
-0.80323 -0.595669
-0.980029 0.198854
-0.940263 0.340448
-0.327932 -0.944701
0.691812 -0.722078
-0.86758 0.497297
0.966888 -0.255199
0.238454 0.971154
-0.0387931 -0.999247
-0.125213 0.99213
0.922447 0.386124
-0.967179 0.254095
0.116959 -0.993137
-0.709579 -0.704626
0.303935 0.952693
0.681117 -0.732174
0.126329 0.991988
0.36012 -0.932906
0.823808 0.56687
0.67045 -0.741955
-0.99146 -0.130409
-0.924898 -0.380214
-0.999877 0.0156923
-0.955732 -0.294238
0.928228 0.372013
-0.340608 0.940205
0.121003 0.992652
0.160432 0.987047
0.500632 -0.86566
-0.984528 0.17523
-0.534157 0.845385
0.467193 -0.884155
-0.4536 0.891205
0.632501 0.774559
0.18247 0.983211
-0.988112 -0.153736
-0.759654 0.650327
-0.825005 -0.565126
0.597121 0.802151
0.545747 -0.83795
0.262087 0.965044
-0.631637 0.775264
0.0265652 0.999647
-0.967406 0.25323
0.874311 0.485366
-0.271083 0.962556
-0.331803 -0.943349
-0.997101 -0.0760915
0.990406 -0.138186
0.694084 0.719894
0.994912 0.100745
0.334256 0.942482
-0.636984 -0.770877
-0.897795 -0.440413
0.94225 -0.33491
0.706488 -0.707725
-0.411457 -0.911429
0.548352 -0.836248
-0.750704 -0.660639
0.9106 0.413289
0.798154 -0.602453
-0.369261 0.929326
0.1528 -0.988257
-0.140495 -0.990081
0.99939 0.034937
0.788715 -0.61476
-0.956187 -0.292756
0.387691 -0.921789
0.540496 -0.841347
-0.475175 -0.879891
0.703758 -0.71044
-0.937523 -0.347923
0.727373 -0.686243
-0.754235 -0.656605
-0.772837 -0.634605
-0.123045 -0.992401
-0.510693 -0.859763
0.824343 0.56609
-0.983287 0.182062
-0.737431 0.675423
-0.249185 0.968456
-0.930349 0.366674
0.336877 0.941549
-0.659053 -0.752096
-0.496704 -0.86792
0.376543 0.926399
0.0308448 0.999524
-0.147659 -0.989038
0.469225 -0.883079
0.822078 0.569375
0.922329 -0.386405
0.503295 -0.864115
-0.524828 -0.851208
0.160363 -0.987058
0.986486 -0.163846
0.219986 0.975503
-0.454086 0.890958
0.999945 -0.0105022
-0.947104 0.320927
0.205088 0.978744
0.64501 0.764175
0.690273 -0.723549
0.857421 -0.514615
0.805651 0.592391
-0.782388 0.622791
0.879299 0.476271
-0.83329 0.552837
-0.354961 -0.934881
0.788914 0.614503
0.811494 0.58436
0.529716 0.848175
-0.16178 -0.986827
-0.870958 0.491357
0.814802 0.57974
0.22959 -0.973287
-0.831864 0.55498
0.939717 -0.341953
-0.966433 0.256917
-0.939843 -0.341606
0.876416 -0.481556
-0.827984 -0.560752
-0.996032 0.0889907
0.890219 0.455532
0.598771 0.80092
0.647891 -0.761733
0.994031 0.109097
-0.916098 -0.400954
0.62445 0.781065
-0.498089 0.867126
-0.822375 -0.568945
-0.785122 0.619341
0.988828 0.149061
-0.500304 0.86585
-0.806471 -0.591274
0.996974 0.0777371
-0.140135 -0.990132
-0.633459 -0.773777
-0.288191 0.957573
-0.964108 -0.265509
-0.59173 0.806136
0.309215 0.950992
-0.753082 0.657927
-0.542927 0.83978
-0.997232 -0.0743507
-0.742649 -0.669681
-0.735667 0.677344
0.998039 0.0625898
-0.97392 -0.226892
0.318034 -0.948079
-0.761123 0.648608
0.958281 0.285829
0.274876 0.96148
-0.825977 0.563704
-0.890551 0.454883
0.628278 -0.777989
0.999965 0.00833543
0.254832 -0.966985
-0.753576 0.657361
0.527677 -0.849445
-0.601645 0.798763
-0.904661 -0.426132
0.642912 -0.76594
-0.334817 -0.942283
-0.843129 -0.537711
-0.640685 0.767804
0.897675 0.440658
-0.99997 0.00775052
-0.992383 -0.123191
0.957924 0.28702
-0.828871 0.55944
0.476352 0.879255
0.946585 0.322456
0.880304 -0.47441
-0.118 -0.993014
-0.923115 -0.384524
-0.424832 -0.905272
-0.274629 0.96155
0.991563 -0.129624
-0.343751 0.939061
-0.0499853 -0.99875
-0.856255 -0.516554
-0.318806 0.94782
-0.163972 -0.986465
0.188259 0.982119
-0.94618 -0.32364
-0.03629 0.999341
0.797982 -0.602681
0.821294 0.570505
0.193685 0.981064
0.785016 0.619476
0.995994 0.0894184
0.982404 0.18677
0.0973975 -0.995246
-0.787084 0.616845
-0.842484 0.538722
-0.800842 -0.598876
-0.185323 0.982678
0.684296 0.729205
0.733888 -0.67927
-0.825137 0.564933
0.620592 -0.784134
0.364366 0.931256
-0.999141 0.0414464
-0.990381 0.138364
0.920419 0.390933
0.592123 -0.805848
0.889188 0.457542
-0.371525 -0.928423
-0.301431 0.953488
-0.605937 -0.795512
-0.99593 -0.0901315
0.763063 -0.646324
0.536421 0.843951
0.987715 -0.156266
-0.629675 -0.776859
0.9798 -0.199981
0.202765 0.979227
0.898237 0.439512
-0.960604 -0.277919
0.799875 0.600166
-0.555113 0.831775
-0.440644 0.897682
-0.726129 -0.687559
0.331089 -0.943599
-0.768919 -0.639346
-0.878367 0.477987
-0.483995 -0.875071
-0.856131 -0.516759
-0.588343 0.808612
-0.909078 0.416625
0.987506 0.157582
0.061929 0.998081
0.84958 0.52746
-0.999519 -0.030998
0.596231 0.802813
0.983254 -0.18224
0.591342 0.806421
0.960117 0.279598
-0.469498 0.882933
0.829006 -0.55924
-0.869301 0.494283
-0.0418649 -0.999123
0.867102 -0.49813
-0.845348 0.534215
0.0115861 0.999933
-0.824251 0.566224
0.94 -0.341175
0.747299 0.664488
0.998805 -0.048882
0.501215 -0.865323
-0.955979 -0.293436
-0.879264 0.476335
0.849448 -0.527673
-0.999027 0.0441044
0.857562 -0.51438
0.56982 0.82177
-0.990206 -0.139611
0.0472008 -0.998885
0.984887 -0.173201
-0.834304 0.551304
-0.650567 0.759449
0.372588 -0.927997
0.513726 -0.857954
0.0172664 0.999851
-0.896504 0.443035
0.183882 0.982948
-0.17841 -0.983956
-0.0434757 -0.999054
0.877417 -0.479729
0.843782 0.536687
-0.733691 -0.679483
-0.767685 0.640827
-0.964533 0.263962
0.999018 0.0443129
0.273413 0.961897
0.381401 -0.92441
-0.5747 -0.818364
0.652351 -0.757917
-0.620485 0.784218
0.223532 -0.974697
-0.396327 -0.918109
0.345453 0.938436
-0.702147 0.712032
-0.131057 -0.991375
0.97191 -0.235351
-0.545083 0.838382
0.0188993 -0.999821
0.991869 -0.127265
-0.382005 -0.92416
-0.665098 -0.746756
0.992785 -0.119909
0.344085 -0.938938
0.590705 -0.806888
0.559341 0.828938
-0.573541 0.819177
-0.981525 -0.191332
0.231359 -0.972868
-0.949614 -0.313423
-0.997296 -0.0734836
-0.984004 -0.178147
-0.549918 -0.835219
0.761042 0.648703
-0.990353 0.13857
0.870319 0.492489
0.0270991 -0.999633
-0.990978 -0.134024
-0.579561 -0.814929
-0.485417 0.874283
-0.434967 0.900446
-0.801162 0.598448
0.523648 -0.851935
0.981034 0.193834
-0.526662 0.850075
-0.447521 -0.894274
-0.946785 0.321868
-0.9923 -0.123862
0.183315 0.983054
0.176566 -0.984289
-0.0926186 -0.995702
-0.623469 -0.781848
-0.84241 -0.538837
0.452352 -0.891839
-0.138928 0.990303
-0.931109 0.364741
0.745151 0.666896
-0.783277 -0.621672
0.241184 0.970479
-0.199303 0.979938
0.24133 -0.970443
0.928638 -0.370988
0.178101 0.984012
-0.763918 -0.645314
-0.128779 0.991673
-0.792171 0.610299
0.721039 -0.692895
-0.891274 0.453466
0.560005 -0.828489
-0.402863 -0.91526
0.246355 -0.96918
0.895268 -0.445528
0.845146 0.534535
-0.843044 -0.537845
-0.361078 0.932535
-0.70601 0.708202
0.39612 0.918199
-0.752696 -0.658368
-0.925359 0.379093
-0.647088 0.762415
-0.973646 -0.228066
-0.772362 0.635183
-0.177624 -0.984098
0.630885 0.775876
-0.119484 0.992836
-0.705735 0.708476
0.992823 -0.11959
-0.519154 -0.854681
0.871818 0.48983
-0.861322 -0.508059
0.571079 -0.820895
-0.0944706 0.995528
0.997581 0.0695082
0.649315 0.76052
0.762922 -0.646491
-0.197928 0.980217
0.831575 0.555413
0.994393 0.105747
-0.19063 -0.981662
-0.699138 -0.714987
-0.999076 -0.0429899
-0.767877 0.640598
-0.628416 -0.777877
0.997154 0.0753862
0.290007 -0.957025
0.938812 -0.344429
0.0307877 -0.999526
0.386114 0.922451
-0.798599 -0.601864
0.699685 0.714452
0.965139 -0.26174
0.0515699 0.998669
0.835338 0.549736
0.978976 0.203973
0.989857 -0.142066
0.996135 0.0878389
-0.74172 0.67071
0.644993 0.764188
-0.809813 -0.586687
-0.672865 -0.739765
0.681141 0.732153
0.70963 -0.704575
-0.996894 -0.0787559
0.607449 -0.794359
0.962241 0.272198
0.270955 0.962592
0.996337 0.0855169
0.205158 -0.978729
0.887008 0.461755
0.510885 0.859649
-0.644732 -0.764409
0.920091 -0.391705
0.982628 -0.185584
-0.976799 -0.214156
0.721979 0.691915
0.884139 -0.467224
0.944979 0.327131
-0.133002 0.991116
0.961886 -0.273451
0.493099 -0.869973
-0.816505 0.577339
0.912702 0.408626
-0.27158 -0.962416
0.505727 0.862694
0.784202 -0.620505
0.875085 0.483969
-0.623954 0.781461
-0.673292 0.739376
-0.824296 -0.56616
0.922726 0.385458
0.946714 -0.322076
0.907034 -0.421057
-0.390045 0.920796
-0.26175 0.965136
-0.949754 0.312996
-0.237762 0.971323
-0.593826 -0.804593
-0.935144 0.354268
0.291412 -0.956598
-0.969904 0.243489
-0.241952 -0.970288
-0.994145 -0.108051
0.0364442 0.999336
-0.998699 -0.051003
-0.799724 -0.600368
0.811579 -0.584242
0.77319 0.634174
-0.941614 0.336695
0.965927 0.258813
-0.0729347 0.997337
-0.42561 0.904907
-0.839209 0.543809
0.930394 -0.366561
-0.425075 0.905158
0.952594 -0.304244
-0.799672 0.600438
0.380735 -0.924684
0.0942588 -0.995548
-0.999867 -0.0163098
0.158358 -0.987382
0.483618 -0.875279
0.87732 0.479906
0.363662 -0.931531
-0.472389 -0.88139
0.47506 -0.879953
0.117679 0.993052
0.917688 -0.397302
0.515988 -0.856596
-0.824561 0.565773
-0.541092 0.840963
0.618252 -0.78598
0.557949 0.829875
-0.162191 -0.986759
-0.57589 -0.817527
-0.548289 -0.836289
-0.99944 -0.033462
0.57003 0.821624
0.633019 -0.774136
0.810033 -0.586385
-0.581215 -0.81375
-0.965731 -0.259546
-0.453056 0.891482
-0.895236 0.445592
0.0764714 -0.997072
-0.34027 -0.940328
-0.345639 0.938367
0.997741 0.0671839
-0.998468 -0.0553242
-0.530375 0.847763
-0.862227 -0.506522
0.852371 -0.522937
0.119164 0.992875
0.742636 0.669695
0.943671 -0.330885
-0.82874 -0.559634
-0.372134 -0.928179
0.849581 -0.527458
0.743519 -0.668715
-0.565372 0.824836
0.444703 -0.895678
-0.810347 -0.58595
0.503167 0.864189
0.0311614 -0.999514
-0.252777 0.967524
0.999897 0.0143539
-0.408881 -0.912588
0.268029 -0.963411
-0.219249 0.975669
0.592539 -0.805542
-0.53806 -0.842906
0.00838513 -0.999965
-0.165092 -0.986278
0.902514 0.43066
0.0606235 0.998161
0.944788 0.327682
-0.838784 0.544464
0.980609 -0.195974
0.905135 0.425124
0.322024 0.946731
-0.312334 -0.949972
-0.735085 0.677975
-0.221069 0.975258
-0.661855 0.749632
0.751984 -0.659181
0.856246 -0.516568
-0.401591 0.915819
-0.809161 0.587588
-0.384113 -0.923286
-0.833286 -0.552842
-0.845349 0.534215
-0.265902 -0.964
-0.943371 0.331739
-0.523927 0.851763
0.452493 -0.891768
-0.576086 0.817389
0.917386 0.397999
-0.160381 -0.987055
0.891414 -0.45319
0.949802 -0.312852
-0.653031 0.757331
0.998222 -0.0595987
-0.179839 0.983696
0.859798 -0.510635
0.551419 0.834228
0.916238 0.400634
0.211624 -0.977351
0.992484 -0.122375
-0.951777 -0.306792
0.619957 -0.784636
0.377666 -0.925942
-0.122119 0.992515
0.405083 -0.91428
-0.699848 -0.714292
-0.412114 0.911132
0.409106 0.912487
0.966037 -0.258404
0.193848 -0.981032
0.604598 0.796531
-0.997143 0.0755311
0.841772 -0.539833
0.927371 -0.374143
-0.367079 0.93019
-0.595886 0.803069
-0.462046 0.886856
-0.998596 -0.052974
0.0604292 -0.998172
0.69175 0.722137
-0.357559 0.933891
0.997427 0.0716847
-0.995073 -0.0991437
-0.456488 -0.88973
0.934151 0.356877
-0.775223 -0.631688
-0.853499 -0.521094
0.958586 0.284804
0.179885 0.983688
0.00117472 0.999999
0.766726 -0.641975
-0.12875 -0.991677
-0.966346 -0.257245
0.91171 -0.410834
0.539217 0.842167
-0.687763 0.725935
-0.263585 -0.964636
0.408192 -0.912896
-0.981145 0.193272
-0.450595 0.892728
-0.386835 -0.922149
0.11698 -0.993134
0.468802 0.883303
-0.84979 0.527121
-0.00948018 -0.999955
0.245299 -0.969448
0.759794 0.650164
0.777736 0.628591
0.0756254 -0.997136
-0.927937 -0.372737
0.0743447 0.997233
0.516288 0.856415
0.819196 -0.573514
0.206058 0.97854
0.775956 -0.630787
-0.162 0.986791
0.94279 -0.333388
-0.837475 0.546476
0.578018 0.816024
0.885278 0.465063
-0.385723 -0.922614
0.996613 -0.0822328
0.877304 0.479935
0.210017 0.977698
